1 666
1 667
1 1258
1 1394
1 668
1 670
1 1204
1 1391
1 1395
1 1300
1 37
1 559
1 630
1 1107
1 1213
2 24
2 101
2 666
2 667
2 93
2 1258
2 1393
2 559
2 630
2 662
2 1104
2 1107
2 1204
2 1213
2 1300
3 1391
3 666
3 667
3 1258
3 1078
3 1080
3 1081
3 1394
3 1395
3 1214
3 1198
3 1204
3 1300
3 559
3 630
3 662
3 1107
3 1213
4 1383
4 1385
4 155
4 241
4 1382
4 1370
4 1386
4 111
4 1384
4 150
4 292
4 458
4 479
4 977
4 376
4 459
4 1365
4 62
4 1366
5 155
5 1383
5 1385
5 1382
5 62
5 292
5 241
5 1370
5 1384
5 458
5 459
5 461
5 1386
5 1365
5 1366
5 111
5 150
5 479
6 400
6 419
6 1387
6 412
6 1392
6 1398
6 1397
6 1400
6 1399
7 400
7 1387
7 1392
7 1398
8 656
8 1313
8 1317
8 1316
8 1318
8 1319
8 1157
8 1274
9 1379
9 1305
9 1304
9 40
9 293
9 1309
9 161
9 421
9 1377
9 1378
9 1381
9 225
9 1380
9 448
9 449
9 1124
9 1280
9 433
9 923
9 924
9 1062
9 1074
9 1075
9 1213
10 27
10 28
10 262
10 160
10 20
10 263
10 654
10 495
11 86
11 194
11 650
11 649
11 652
11 624
12 64
12 265
12 65
12 311
12 496
13 32
13 67
13 164 
13 639
13 715
13 716
13 719
13 1379
13 717
13 499 
14 87
14 88
14 104
14 267
14 268
14 269
14 270
14 407
14 408
14 500
15 900
15 902
15 200
15 201
15 601
15 899
15 903
15 593
15 199
15 594
15 901
15 544
15 597
15 749
15 917
15 919
15 1333
15 634
15 687
15 698
15 1290
15 700
15 704
15 705
15 1109
15 1112
15 1141
15 1197
15 1256
15 1259
15 1272
15 1289
15 892
16 46
16 47
16 92
16 756
17 250
17 514
17 609
17 225
17 793
17 464
17 465
17 612
17 466
17 513
18 465
18 249
18 777
18 778
18 247
18 250
18 752
19 252
19 431
19 672
19 714
19 799
19 800
19 516
20 169
20 168
20 518
21 173
21 188
21 172
21 97
21 121
21 187
21 242
21 409
21 487 
21 519
22 272 
22 555 
22 24 
22 283 
22 552 
22 79 
22 207 
22 418 
22 557 
22 554 
22 556 
22 505 
22 1257 
22 536
23 24 
23 283 
23 552 
23 272 
23 85 
23 976 
23 557 
23 558 
23 553 
23 554 
23 555 
23 556 
23 536